-0.3277777777777778
0.0
0.26666666666666666
0.6
-0.5
0.0
0.4
-0.3277777777777778
-0.1034090909090909
-1.0
0.4
-0.3
-0.1875
0.175
-0.7
0.43333333333333335
-0.3277777777777778
-0.815
0.8
-0.04999999999999999
-0.6
0.0
-1.0
-0.5
-0.3
-1.0
0.0
-0.37
0.30000000000000004
0.0
-0.2
0.35
-0.9765625
-0.5
-1.0
-0.175
0.2375
0.0
0.11212121212121212
0.4
-0.13333333333333333
0.6
0.7
-0.3
0.6041666666666666
-1.0
0.375
-0.5
-1.0
0.6
0.0
-0.5
-0.2518518518518518
0.4000000000000001
0.5
-0.15
0.0
-0.3277777777777778
-0.5
-0.37
-0.37
-0.2712121212121212
-0.3277777777777778
0.5
-0.3
-1.0
0.4
0.7
-1.0
0.5
0.475
-1.0
0.0
0.0
-0.6666666666666666
-0.5
-0.37
0.6166666666666667
-0.375
0.6
-0.2333333333333333
0.3
-0.15
-0.24375000000000002
0.5
0.4
0.16666666666666666
0.625
-0.4318181818181818
0.08888888888888886
0.5
-0.049999999999999996
0.65
0.45
-0.5
-0.5
-0.051851851851851864
0.5
0.2287878787878788
-0.3277777777777778
-0.1034090909090909
-0.00833333333333334
-0.21875
-0.3
-0.5
0.5
0.062121212121212126
0.5
0.3833333333333333
0.4000000000000001
0.4
0.5
